---Times lib---
rt: 0.000146
ut: 0.000000
st: 0.000000
---Times sys---
rt: 0.002905
ut: 0.000000
st: 0.000000
