---Times lib---
rt: 0.000016
ut: 0.000000
st: 0.000000
---Times lib---
rt: 0.000017
ut: 0.000000
st: 0.000000
---Times lib---
rt: 0.000011
ut: 0.000000
st: 0.000000
---Times lib---
rt: 0.000011
ut: 0.000000
st: 0.000000
