Files test.txt and build/output1.txt are identical
Files test.txt and build/output1024.txt are identical

---Times lib---
rt: 0.000016
ut: 0.000000
st: 0.000000
---Times lib---
rt: 0.000017
ut: 0.000000
st: 0.000000
---Times lib---
rt: 0.000011
ut: 0.000000
st: 0.000000
---Times lib---
rt: 0.000011
ut: 0.000000
st: 0.000000

Po 2 krotnym odwróceniu nie ma róznic.

czytanie wiekszego bliku wydaje sie szybsze niz po 1 bajcie.